   3.4774996e+00   1.2092954e+01  -5.7091412e-02   3.3888934e+00   3.6550464e+02   8.0154386e+02   1.5622741e+00  -2.4948981e+01   2.2293881e+01
   3.2338784e+00   1.0457958e+01   1.2850441e-02   3.2882658e+00   4.7351013e+02   6.1871538e+02   1.5503272e+00  -2.5742486e+01   2.4399586e+01
   3.2111978e+00   1.0311785e+01   1.7004459e-02   3.3820607e+00   4.9779290e+02   5.8853390e+02   1.3959000e+00  -2.1530874e+01   2.1775074e+01
   1.7697575e+00   3.1320284e+00  -9.3531178e-03   3.0636371e+00  -3.6170145e+02  -8.0997186e+02  -1.5915713e-01  -8.4078782e+00   8.1179482e+00
   1.7174432e+00   2.9491434e+00  -1.2270850e-02   3.1232234e+00  -7.8559617e+01  -3.7292442e+03  -1.2745011e-01  -9.2013600e+00   8.3773600e+00
   3.3031184e+00   1.0909952e+01  -6.7243098e-02   4.4629269e+00  -1.2697860e+02  -2.3072234e+03   1.6466265e+00  -3.0198193e+01   2.4399593e+01
   3.0360535e+00   9.2172349e+00  -1.9402842e-02   3.4367800e+00  -1.4863214e+02  -1.9710945e+03   1.4909634e+00  -2.4948986e+01   2.5437286e+01
   3.0258382e+00   9.1545577e+00  -5.7704090e-04   3.0463432e+00  -8.8453768e+01  -3.3121031e+03   9.5127356e-01  -1.3916450e+01   1.5472950e+01
   3.3865917e+00   1.1468920e+01  -7.2015891e-02   5.3426714e+00  -3.0586687e+02  -9.5782849e+02   1.6941724e+00  -3.0457596e+01   2.5971396e+01
   3.5520629e+00   1.2617190e+01  -9.2364506e-02   4.5228697e+00   1.6749101e+03   1.7491566e+02   1.7953701e+00  -3.1251101e+01   2.7802501e+01
   3.8461790e+00   1.4792633e+01  -1.3650288e-01   6.6589355e+00   1.7027279e+02   1.7205803e+03   2.0287649e+00  -3.6500220e+01   3.4104520e+01
   3.1368774e+00   9.8387313e+00   3.2706104e-02   5.6410736e+00   8.6922827e+01   3.3704380e+03   1.6518205e+00  -2.8885900e+01   2.9648800e+01
   3.4781363e+00   1.2097143e+01  -9.9868091e-02   4.8615337e+00  -1.9147421e+02  -1.5300651e+03   1.7794966e+00  -3.0457602e+01   2.9114802e+01
   3.9212450e+00   1.5374225e+01  -2.5516776e-01   4.2646876e+00  -8.7897182e+01  -3.3330761e+03   1.8307067e+00  -2.9938795e+01   2.5711895e+01
   3.1164339e+00   9.7107969e+00  -8.9877737e-02   3.9322595e+00  -8.3395446e+01  -3.5129976e+03   1.4424398e+00  -2.2583780e+01   2.4399580e+01
   1.5605239e+00   2.4344620e+00  -7.4639206e-03   3.0323558e+00  -5.5833029e+01  -5.2472167e+03  -3.4939077e-01  -7.6296564e+00   7.8585464e+00
   3.1730245e+00   1.0067392e+01  -8.6878332e-02   3.9226438e+00  -1.1765857e+02  -2.4899845e+03   1.4772175e+00  -2.6001882e+01   2.1775082e+01
   3.4160914e+00   1.1667452e+01  -4.4028967e-02   4.1947759e+00  -7.1724511e+01  -4.0846287e+03   1.6621911e+00  -2.8885891e+01   2.4659091e+01
   3.3041716e+00   1.0916361e+01  -1.9175565e-01   3.3811452e+00  -9.4371276e+01  -3.1044192e+03   1.3463946e+00  -2.1012069e+01   1.9135169e+01
   3.0200435e+00   9.1187303e+00   1.9505317e-02   3.3486721e+00  -6.8154551e+01  -4.2985831e+03   1.3169288e+00  -2.3117873e+01   1.9409873e+01
   3.2122779e+00   1.0314929e+01  -7.6201719e-03   3.8125008e+00  -5.1864643e+01  -5.6487037e+03   1.4162366e+00  -2.3377276e+01   2.0981576e+01
   3.0199718e+00   9.1170751e+00   7.5463334e-03   3.1486196e+00  -5.3505028e+01  -5.4755227e+03   1.1860104e+00  -1.8387464e+01   1.8875764e+01
   3.4361194e+00   1.1806495e+01  -1.2094053e-02   4.1019123e+00  -1.5989341e+02  -1.8322706e+03   1.5595403e+00  -2.4948982e+01   2.3087382e+01
   3.8845286e+00   1.5089433e+01   1.0914973e-02   4.7666303e+00  -2.8876455e+02  -1.0145567e+03   2.0201504e+00  -3.9124816e+01   2.8595916e+01
   2.0318939e+00   4.1256391e+00  -6.7087809e-03   3.0794654e+00  -3.7297782e+01  -7.8548371e+03   1.3896550e-01  -9.7201831e+00   9.6896631e+00
   2.0132435e+00   4.0507305e+00  -2.1029299e-03   3.0290413e+00  -4.0816829e+01  -7.1776276e+03   1.0279528e-01  -9.2013622e+00   9.6896622e+00
   3.9836333e+00   1.5867697e+01  -2.6508950e-02   4.3401111e+00  -9.6873146e+01  -3.0242437e+03   2.1105625e+00  -3.8865423e+01   3.3051623e+01
   4.4039734e+00   1.9394985e+01  -4.7124897e-02   4.5656984e+00   5.5457440e+02   5.2827538e+02   2.3477522e+00  -4.6998641e+01   3.5676241e+01
   4.0810836e+00   1.6655273e+01   3.1601438e-02   3.5924925e+00  -7.8889693e+02  -3.7136410e+02   1.8889195e+00  -2.6261295e+01   2.9648795e+01
   3.9964832e+00   1.5971308e+01   1.8727087e-02   3.8195493e+00   1.5987876e+02   1.8324386e+03   1.8418386e+00  -2.6001893e+01   2.8595893e+01
   4.5569451e+00   2.0765366e+01  -5.9325694e-02   5.0790016e+00   2.1390120e+02   1.3696417e+03   2.2402587e+00  -4.0437124e+01   3.2014024e+01
   4.5946424e+00   2.1110511e+01  -2.3823245e-02   5.0669970e+00  -2.6511142e+02  -1.1050750e+03   2.3278593e+00  -4.2283534e+01   3.6210334e+01
   4.4687790e+00   1.9963990e+01  -2.0643641e-02   5.1186550e+00  -5.7388423e+01  -5.1050018e+03   2.0802833e+00  -3.4669108e+01   2.8595908e+01
   4.7868291e+00   2.2909565e+01  -7.5480056e-02   4.6150006e+00  -7.3461882e+01  -3.9880274e+03   2.2401683e+00  -3.5722017e+01   3.3051617e+01
   4.5132742e+00   2.0361720e+01  -1.3077655e-02   4.8481054e+00  -5.0480441e+01  -5.8035943e+03   2.4235498e+00  -3.7034350e+01   5.0645650e+01
   4.4952469e+00   2.0202416e+01  -4.1613082e-02   4.0111319e+00  -6.4229190e+01  -4.5612906e+03   1.9645329e+00  -2.7054794e+01   2.8061894e+01
   4.7906034e+00   2.2945359e+01  -2.6388740e-02   4.0126294e+00  -7.0633040e+01  -4.1477473e+03   2.1950716e+00  -3.3875611e+01   3.1220511e+01
   4.1613290e+00   1.7311975e+01  -4.8926504e-02   3.6078393e+00  -6.0426218e+01  -4.8483590e+03   1.8789051e+00  -2.8885893e+01   2.5437293e+01
   4.1613290e+00   1.7311975e+01  -4.8926504e-02   3.6078393e+00  -6.0426218e+01  -4.8483590e+03   1.8789051e+00  -2.8885893e+01   2.5437293e+01
   4.6811087e+00   2.1905410e+01  -1.5356214e-02   3.8814988e+00  -5.4258793e+01  -5.3994567e+03   2.0485309e+00  -2.9679398e+01   2.7802498e+01
   4.2989894e+00   1.8476387e+01  -1.8400163e-02   4.5165847e+00  -6.0885992e+01  -4.8117472e+03   2.0262528e+00  -3.2303905e+01   2.9389405e+01
   4.4774331e+00   2.0045755e+01  -6.6778620e-03   4.0405031e+00  -1.0794025e+02  -2.7141683e+03   1.9985790e+00  -3.0732198e+01   2.6490198e+01
   4.4694717e+00   1.9973415e+01  -1.1309380e-02   4.5428325e+00  -8.4001709e+01  -3.4876433e+03   2.1528871e+00  -3.5447415e+01   3.2014015e+01
   4.4481596e+00   1.9783039e+01   2.6766577e-03   4.2562900e+00  -7.9220973e+01  -3.6981116e+03   2.0499251e+00  -2.9938804e+01   3.0961104e+01
   4.1911079e+00   1.7557696e+01   3.4552783e-02   3.6406446e+00  -4.7610045e+01  -6.1534914e+03   1.8410145e+00  -2.4948989e+01   2.7024189e+01
   3.9353637e+00   1.5476125e+01  -7.5969525e-03   4.2851970e+00  -3.7496742e+01  -7.8131589e+03   1.7901501e+00  -2.7314190e+01   2.5711890e+01
   4.0425418e+00   1.6333974e+01   2.7818304e-02   3.8837175e+00  -4.4573371e+01  -6.5727135e+03   1.8562978e+00  -2.9938794e+01   2.4918494e+01
   3.9452941e+00   1.5554683e+01  -1.5642282e-03   3.6804100e+00  -3.8112420e+01  -7.6869430e+03   1.7955481e+00  -2.7573590e+01   2.5177890e+01
   3.9452941e+00   1.5554683e+01  -1.5642282e-03   3.6804100e+00  -3.8112420e+01  -7.6869430e+03   1.7955481e+00  -2.7573590e+01   2.5177890e+01
   4.1818281e+00   1.7479240e+01  -2.1396169e-02   3.6059729e+00  -4.5343954e+01  -6.4610157e+03   1.8787999e+00  -2.6520692e+01   2.7543092e+01
   3.9906736e+00   1.5922136e+01  -2.3308296e-02   3.8560167e+00  -6.8503265e+01  -4.2767012e+03   2.0433699e+00  -4.1230614e+01   2.5711914e+01
   3.8606074e+00   1.4900585e+01   1.5318722e-02   3.1838325e+00  -6.2996659e+01  -4.6505323e+03   1.7787047e+00  -2.1012090e+01   3.1739390e+01
   3.8035538e+00   1.4461831e+01  -3.2576050e-03   3.0972513e+00  -5.2545158e+01  -5.5755470e+03   1.5043716e+00  -1.9699769e+01   2.0981569e+01
   3.7700357e+00   1.4210227e+01   1.2531213e-02   3.2826042e+00  -6.8947951e+01  -4.2491183e+03   1.6102045e+00  -2.2064978e+01   2.3606178e+01
   3.7700357e+00   1.4210227e+01   1.2531213e-02   3.2826042e+00  -6.8947951e+01  -4.2491183e+03   1.6102045e+00  -2.2064978e+01   2.3606178e+01
   3.8245428e+00   1.4624437e+01  -3.4029829e-03   3.2755664e+00  -7.3054792e+01  -4.0102503e+03   1.6804348e+00  -2.2324382e+01   2.5971382e+01
   4.1673405e+00   1.7361961e+01  -1.1381774e-01   3.1858218e+00  -5.9994602e+01  -4.8832393e+03   1.7214695e+00  -2.5483079e+01   2.0722179e+01
   3.9745136e+00   1.5793931e+01  -1.7401014e-02   3.1321039e+00  -7.4041496e+01  -3.9568082e+03   1.6580537e+00  -2.2324378e+01   2.3087378e+01
   3.7958429e+00   1.4404318e+01   6.5325852e-03   3.1003440e+00  -5.8886763e+01  -4.9751079e+03   1.7164393e+00  -2.1805586e+01   2.8595886e+01
   3.8929412e+00   1.5149932e+01   1.1569166e-02   3.1133111e+00  -5.4455224e+01  -5.3799797e+03   1.6081141e+00  -2.4170775e+01   1.9928675e+01
   3.6852533e+00   1.3574713e+01  -8.7654191e-03   3.0127636e+00  -4.5974564e+01  -6.3723932e+03   1.3121963e+00  -1.8128059e+01   1.6510559e+01
   3.7310745e+00   1.3914705e+01  -7.5115633e-03   3.0236832e+00  -4.7158688e+01  -6.2123866e+03   1.4655722e+00  -2.2064968e+01   1.7822868e+01
   5.4287596e+00   2.9459429e+01  -3.4160039e-01   4.0021762e+00  -4.9348340e+01  -5.9367346e+03   2.3044056e+00  -3.4409710e+01   3.0167610e+01
   4.8927301e+00   2.3928537e+01  -2.6723508e-01   4.1182957e+00  -4.8087655e+01  -6.0923745e+03   2.2290932e+00  -3.0991613e+01   3.5416813e+01
   6.3528820e+00   4.0347636e+01  -7.5139339e-01   3.8599296e+00  -5.8954525e+01  -4.9693895e+03   2.3691677e+00  -3.5187903e+01   2.5437303e+01
   4.1416185e+00   1.7146216e+01  -9.7814207e-02   3.1209452e+00  -5.0055882e+01  -5.8528187e+03   1.9203055e+00  -3.0198197e+01   2.6490197e+01
   4.2111864e+00   1.7727230e+01  -1.4678895e-01   3.1331502e+00  -5.0616860e+01  -5.7879529e+03   1.9987861e+00  -2.9145303e+01   3.1220503e+01
   4.2223699e+00   1.7823854e+01  -8.9055357e-02   3.1043852e+00  -6.2160107e+01  -4.7131193e+03   1.8730208e+00  -2.3636690e+01   2.9389390e+01
   4.4839605e+00   2.0104056e+01  -2.5214621e-01   3.2389126e+00  -1.0247338e+02  -2.8589670e+03   1.9383844e+00  -3.2044491e+01   2.1500391e+01
   3.9685050e+00   1.5744293e+01   2.0812945e-03   3.1131110e+00  -5.7327568e+01  -5.1104208e+03   1.8014845e+00  -2.2583790e+01   2.9908190e+01
   3.8410505e+00   1.4747863e+01  -2.4041712e-02   3.0407110e+00  -5.0193412e+01  -5.8367819e+03   1.4193824e+00  -1.9180963e+01   1.7822863e+01
   3.5448014e+00   1.2554739e+01  -9.9739932e-03   3.0767583e+00  -3.3921322e+01  -8.6366916e+03   1.3250962e+00  -1.6556362e+01   1.9928662e+01
   3.7840101e+00   1.4313504e+01  -8.6359328e-03   3.1250846e+00  -5.2085942e+01  -5.6247039e+03   1.6147885e+00  -2.4689578e+01   2.0981578e+01
   3.7907374e+00   1.4364929e+01  -3.0326116e-03   3.1441885e+00  -5.4656659e+01  -5.3601520e+03   2.1135008e+00  -3.0732228e+01   4.4343528e+01
   3.8164863e+00   1.4555146e+01  -6.5754239e-04   3.1007590e+00  -3.7296790e+01  -7.8550460e+03   1.7166275e+00  -2.8367086e+01   2.1775086e+01
   3.7429425e+00   1.3988804e+01  -9.6387877e-03   3.1169284e+00  -2.5914212e+01  -1.1305302e+04   1.7121086e+00  -2.0752687e+01   3.0167587e+01
   3.8410073e+00   1.4734671e+01  -2.8843859e-02   3.0681915e+00  -2.8075851e+01  -1.0434875e+04   1.6234915e+00  -2.2324378e+01   2.3087378e+01
   3.7059786e+00   1.3727475e+01  -3.3386266e-02   3.1571165e+00  -4.4777996e+01  -6.5426778e+03   1.7229024e+00  -3.2563389e+01   1.9409889e+01
   3.7059786e+00   1.3727475e+01  -3.3386266e-02   3.1571165e+00  -4.4777996e+01  -6.5426778e+03   1.7229024e+00  -3.2563389e+01   1.9409889e+01
   3.6288926e+00   1.3154526e+01  -6.5321129e-03   3.1562095e+00  -3.0261146e+01  -9.6813254e+03   1.5311536e+00  -2.1530875e+01   2.2293875e+01
   3.7267123e+00   1.3878459e+01  -4.9105910e-02   3.1030016e+00  -3.7317295e+01  -7.8507298e+03   1.5092111e+00  -2.1805571e+01   1.9928671e+01
   3.9247736e+00   1.5397025e+01  -6.4426995e-02   3.1127501e+00  -4.7330680e+01  -6.1898118e+03   1.6623295e+00  -2.6520679e+01   1.9669279e+01
   3.8768957e+00   1.5024445e+01  -5.0277943e-02   3.1317555e+00  -5.0360961e+01  -5.8173632e+03   1.5670275e+00  -2.2324373e+01   2.0188073e+01
   3.7946633e+00   1.4391116e+01  -4.2290957e-02   3.2418177e+00  -4.1397378e+01  -7.0769699e+03   2.1069134e+00  -4.4908127e+01   2.9648827e+01
   3.9768734e+00   1.5803034e+01  -7.0354653e-02   3.1691472e+00  -3.5510482e+01  -8.2501838e+03   1.8224180e+00  -2.1271491e+01   3.2273391e+01
   3.9950756e+00   1.5944844e+01  -8.1231606e-02   3.0962115e+00  -3.1742897e+01  -9.2293718e+03   1.6851079e+00  -2.4948979e+01   2.1500379e+01
   4.1398376e+00   1.7127286e+01  -1.8370865e-01   3.2041633e+00  -3.9421531e+01  -7.4316749e+03   1.6484315e+00  -2.3117874e+01   2.0188074e+01
   3.6473199e+00   1.3278149e+01  -1.2289469e-02   3.0697537e+00  -2.3142529e+01  -1.2659291e+04   1.4422512e+00  -2.1805568e+01   1.8097568e+01
   4.0341587e+00   1.6254100e+01  -1.2224243e-02   3.8952858e+00  -2.8250307e+01  -1.0370436e+04   2.2493383e+00  -4.3061739e+01   3.8316139e+01
   2.0968358e+01   4.3958621e+02  -1.5487340e-01   9.0992629e+00  -7.0947901e+01  -4.1293399e+03   4.1148443e+00  -1.7145358e+02   1.6563958e+02
   6.1188631e+00   3.7411197e+01  -6.3144730e-02   1.3842978e+01  -3.5676525e+01  -8.2117863e+03   3.0173372e+00  -7.1428832e+01   6.4562132e+01
   9.9643861e+00   9.9265826e+01  -7.3106850e-02   1.2236700e+01  -6.4995854e+01  -4.5074875e+03   3.4329003e+00  -9.4790849e+01   1.0945535e+02
   4.3773331e+00   1.9133374e+01  -2.0059794e-01   3.2512259e+00  -2.6283613e+01  -1.1146413e+04   2.0651296e+00  -3.1785106e+01   3.0427106e+01
   4.4814786e+00   2.0026665e+01  -4.7724173e-02   2.9993630e+00  -1.8762036e+01  -1.5614936e+04   2.0519512e+00  -3.2563402e+01   2.7283602e+01
   4.2126751e+00   1.7682849e+01   1.5690799e-02   2.9847146e+00  -1.6672534e+01  -1.7571895e+04   1.9848651e+00  -2.5742502e+01   3.3845102e+01
   4.2126751e+00   1.7682849e+01   1.5690799e-02   2.9847146e+00  -1.6672534e+01  -1.7571895e+04   1.9848651e+00  -2.5742502e+01   3.3845102e+01
   3.9171623e+00   1.5295523e+01   4.1418695e-03   3.1148221e+00  -1.7752195e+01  -1.6503199e+04   1.9351704e+00  -2.9679404e+01   3.1220504e+01
   3.8516394e+00   1.4799403e+01  -8.2310421e-03   3.1342946e+00  -2.0364043e+01  -1.4386534e+04   1.8792723e+00  -3.5187900e+01   2.3346800e+01
   3.9604495e+00   1.5649713e+01  -1.3680143e-02   3.0765372e+00  -2.1019730e+01  -1.3937762e+04   1.7575348e+00  -2.4948986e+01   2.5437286e+01
   3.8962050e+00   1.5138404e+01  -2.9129293e-03   3.1637918e+00  -1.8997826e+01  -1.5421133e+04   2.0629581e+00  -3.5981419e+01   3.3585719e+01
   3.8588582e+00   1.4847027e+01  -1.0177144e-02   3.2597486e+00  -1.8436109e+01  -1.5890989e+04   1.9904370e+00  -3.5447412e+01   2.9908212e+01
   3.8125940e+00   1.4505693e+01  -1.2492270e-02   3.4273312e+00  -2.1928201e+01  -1.3360330e+04   2.2445926e+00  -5.0676146e+01   3.4638646e+01
   3.9370086e+00   1.5467118e+01  -1.6506834e-01   7.1421477e+00  -2.1681676e+01  -1.3512239e+04   2.7327346e+00  -1.1789330e+02   5.6428998e+01
   4.8637175e+00   2.3634253e+01  -3.2705252e-02   5.1394748e+00  -3.3111891e+01  -8.8478184e+03   2.4387421e+00  -4.2802342e+01   4.0147242e+01
   4.0279169e+00   1.6199812e+01   9.6956603e-03   2.9485298e+00  -2.5808113e+01  -1.1351779e+04   1.7045719e+00  -2.4430180e+01   2.2553280e+01
   3.7400511e+00   1.3961177e+01  -2.9593264e-03   3.2029530e+00  -2.2823791e+01  -1.2836080e+04   1.8182510e+00  -2.7054797e+01   2.9648797e+01
   7.1979299e+00   5.1778525e+01  -1.0633724e-01   6.3282087e+01  -4.0334971e+01  -7.2633745e+03   3.1005842e+00  -1.6042156e+02   1.6748656e+02
   4.1287736e+00   1.7007136e+01   4.3563313e-03   3.0063683e+00  -2.0723427e+01  -1.4137044e+04   1.7566139e+00  -2.2858482e+01   2.5437282e+01
   4.4692837e+00   1.9944126e+01  -2.4113651e-01   4.8211655e+00  -2.5616651e+01  -1.1436624e+04   2.1673289e+00  -2.9679418e+01   3.9353718e+01
   4.7621251e+00   2.2652939e+01  -3.6502863e-01   3.5035702e+00  -3.0133721e+01  -9.7222643e+03   2.3253622e+00  -3.3097428e+01   4.1718928e+01
   3.8900173e+00   1.5100409e+01  -5.6750686e-02   5.9104087e+00  -2.1787739e+01  -1.3446462e+04   2.6584988e+00  -7.4831618e+01   5.2751418e+01
   3.8900173e+00   1.5100409e+01  -5.6750686e-02   5.9104087e+00  -2.1787739e+01  -1.3446462e+04   2.6584988e+00  -7.4831618e+01   5.2751418e+01
   3.5171696e+00   1.2332879e+01  -5.6881358e-03   3.6711465e+00  -1.8127546e+01  -1.6161482e+04   2.0791243e+00  -3.2044534e+01   4.6449334e+01
   8.1046232e+00   6.5642314e+01  -1.6989020e-01   8.2041222e+01  -3.9163161e+01  -7.4807036e+03   3.1859692e+00  -1.7407868e+02   2.2341168e+02
   3.3246975e+00   1.1026107e+01  -1.9609353e-02   3.2623678e+00  -2.0032420e+01  -1.4624694e+04   1.5060513e+00  -1.8906280e+01   2.7802480e+01
   3.7429546e+00   1.3984282e+01  -1.2736211e-02   3.2208988e+00  -2.3450622e+01  -1.2492974e+04   1.9243439e+00  -3.3356808e+01   2.9648808e+01
   3.8135121e+00   1.4518130e+01  -1.3935280e-02   3.2690239e+00  -2.4218554e+01  -1.2096841e+04   1.9712841e+00  -3.4669111e+01   3.0167611e+01
   3.9206346e+00   1.5342861e+01  -4.2691872e-02   3.5201413e+00  -2.3196754e+01  -1.2629698e+04   2.2280900e+00  -4.4114639e+01   3.7522639e+01
   3.4964954e+00   1.2203866e+01  -3.0184662e-02   3.4502583e+00  -2.3760266e+01  -1.2330165e+04   1.8714628e+00  -3.7812509e+01   2.6230809e+01
   3.7245772e+00   1.3850401e+01  -3.0236899e-02   3.2507651e+00  -2.5041924e+01  -1.1699101e+04   1.7317111e+00  -2.5742489e+01   2.6490189e+01
   4.0541413e+00   1.6405151e+01  -1.3408033e-02   3.3024181e+00  -2.3038528e+01  -1.2716437e+04   2.0075991e+00  -3.3356808e+01   2.9908208e+01
   4.0541413e+00   1.6405151e+01  -1.3408033e-02   3.3024181e+00  -2.3038528e+01  -1.2716437e+04   2.0075991e+00  -3.3356808e+01   2.9908208e+01
   4.1908055e+00   1.7531076e+01   5.7134567e-03   3.3006530e+00  -2.3487843e+01  -1.2473176e+04   2.3023834e+00  -2.8885940e+01   5.3270240e+01
   3.5144902e+00   1.2313945e+01  -2.0118267e-02   3.6751950e+00  -1.8091247e+01  -1.6193909e+04   1.7968705e+00  -2.7833001e+01   3.1479901e+01
   5.0571741e+00   2.5541315e+01  -6.2198395e-03   2.6544123e+00  -2.7514903e+01  -1.0647612e+04   1.9797740e+00  -2.3896085e+01   2.5711885e+01
   4.8699742e+00   2.3690975e+01   3.9043876e-03   3.2823079e+00  -3.0345877e+01  -9.6542934e+03   2.7841439e+00  -7.2741095e+01   4.1718995e+01
   2.5982307e+00   6.7220032e+00  -8.7071083e-02   5.1320165e+00  -1.5304244e+01  -1.9142925e+04   1.5420581e+00  -2.7314208e+01   3.5950908e+01
   1.0598151e+01   1.1228686e+02  -2.4675235e-01   1.4578319e+02  -5.7206318e+01  -5.1212525e+03   2.8641257e+00  -2.5573095e+02   3.0059295e+02
   3.8433849e+00   1.4745106e+01  -1.6673818e-01   8.9950461e+00  -2.3586718e+01  -1.2420889e+04   2.7034848e+00  -1.3628031e+02   4.5656011e+01
   3.7432951e+00   1.3986366e+01  -4.7523199e-02   5.6092238e+00  -2.3242021e+01  -1.2605100e+04   2.3404591e+00  -5.3834865e+01   4.3031265e+01
   1.5036602e+01   2.2603285e+02  -6.6393513e-01   4.7107565e+01  -5.7955377e+01  -5.0550616e+03   3.1541942e+00  -3.0903097e+02   2.6094997e+02
   3.5345003e+00   1.2467161e+01   1.9024876e-04   3.9080087e+00  -2.2101786e+01  -1.3255399e+04   2.1728518e+00  -3.8606047e+01   4.7242847e+01
   3.8444132e+00   1.4755870e+01  -8.8925117e-03   3.4819666e+00  -2.4975998e+01  -1.1729982e+04   2.1624585e+00  -3.8865433e+01   3.9094333e+01
   7.9733776e+00   6.3559476e+01   5.9903741e-01   1.0230262e+02  -6.4062604e+01  -4.5731516e+03   2.9670590e+00  -2.1451577e+02   2.3442877e+02
   2.0293000e+00   4.1085207e+00  -1.0099833e-02   3.1140633e+00  -2.0763480e+01  -1.4109773e+04   1.5078699e-01  -1.0513634e+01   9.1708436e+00
   2.0293000e+00   4.1085207e+00  -1.0099833e-02   3.1140633e+00  -2.0763480e+01  -1.4109773e+04   1.5078699e-01  -1.0513634e+01   9.1708436e+00
   6.1061043e+00   3.7277458e+01  -4.0637078e-03   2.7868300e+00  -7.2063043e+01  -4.0654403e+03   2.6900221e+00  -3.4669142e+01   4.8555042e+01
   6.1061043e+00   3.7277458e+01  -4.0637078e-03   2.7868300e+00  -7.2063043e+01  -4.0654403e+03   2.6900221e+00  -3.4669142e+01   4.8555042e+01
   4.3372712e+00   1.8806941e+01   1.0798958e-02   3.4229155e+00  -6.1064346e+01  -4.7976933e+03   1.7134616e+00  -2.3117875e+01   2.0981575e+01
